1.880728461718123512e+01 8.840430827928253521e+00
2.140618340123021923e+01 9.386197922252611292e+00
1.796814077892720007e+01 1.057028892249601348e+01
1.801298175014163760e+01 7.742118026964941890e+00
1.889361138770647131e+01 9.503992994465667365e+00
1.929507339286453060e+01 1.129355313581293530e+01
2.048085324706896770e+01 1.128969691776915596e+01
2.124332881429648623e+01 1.118039688499934847e+01
1.924152809544949960e+01 8.581225151570150089e+00
1.944972536348557313e+01 1.152851763412290431e+01
2.087596971638674503e+01 8.980888831881394196e+00
2.036339593646143342e+01 1.004919095365059789e+01
1.981661346395171819e+01 1.007616238217069515e+01
2.079694605527621576e+01 1.089612484712777452e+01
1.874895514676992647e+01 1.061873962138966654e+01
2.018170311586114352e+01 1.028788680244353593e+01
1.989799322086766509e+01 1.261811873383053850e+01
2.112315134529444194e+01 9.546254193920010067e+00
1.917221297513919609e+01 9.242408390325099532e+00
2.015530947162901754e+01 8.987093582138061976e+00
2.059825847438178315e+01 1.339749252082747333e+01
2.055852875154134907e+01 1.009183500671234057e+01
2.115976112368846884e+01 1.010152249328453777e+01
2.037494385004187691e+01 8.431163458724434179e+00
2.097942330116734411e+01 9.751048685137279293e+00
1.902320512804369201e+01 8.644553554703501064e+00
1.955791466173973703e+01 9.401324420061124343e+00
2.038525783874371911e+01 9.964993955249788371e+00
1.998437049657596987e+01 1.318638941171185408e+01
2.001247807593655637e+01 9.401622234005358791e+00
1.968387475408818688e+01 1.012511331891776045e+01
1.974791674610697712e+01 9.387671868946606324e+00
1.899286103141634641e+01 1.119490704787016533e+01
2.084878042427255451e+01 8.769488181767327362e+00
1.952776446929360077e+01 9.870539377164632810e+00
1.992968509293093504e+01 1.115535050677129902e+01
1.877685151615053627e+01 9.079000863683333478e+00
1.890934777230482311e+01 8.882928311845565972e+00
2.111565809725595244e+01 8.671892732425705574e+00
1.909449028501378365e+01 1.029694441512173242e+01
2.023894231552125689e+01 9.338716974695252304e+00
2.016767783164770833e+01 1.032286539386584856e+01
1.878363399575398063e+01 1.118980800101550876e+01
2.008872804440382254e+01 7.181653230297541768e+00
1.996969475254983450e+01 1.228859914053500191e+01
2.087027063854300479e+01 1.063617756083252530e+01
2.010598803379307142e+01 8.522687230053019647e+00
1.690853150669682492e+01 9.851096326054220143e+00
1.809635529432135570e+01 1.027033606792014986e+01
1.888634499782639153e+01 1.007374709589532991e+01
2.400000000000000000e+01 2.900000000000000000e+01
3.500000000000000000e+01 2.800000000000000000e+01
4.700000000000000000e+01 3.700000000000000000e+01
2.300000000000000000e+01 3.100000000000000000e+01
3.200000000000000000e+01 2.600000000000000000e+01
3.200000000000000000e+01 2.300000000000000000e+01
2.300000000000000000e+01 3.400000000000000000e+01
3.100000000000000000e+01 2.900000000000000000e+01
2.500000000000000000e+01 3.200000000000000000e+01
4.000000000000000000e+01 3.200000000000000000e+01
3.500000000000000000e+01 3.100000000000000000e+01
3.200000000000000000e+01 2.400000000000000000e+01
2.600000000000000000e+01 2.300000000000000000e+01
2.900000000000000000e+01 2.700000000000000000e+01
2.800000000000000000e+01 2.900000000000000000e+01
3.200000000000000000e+01 2.500000000000000000e+01
3.000000000000000000e+01 3.000000000000000000e+01
2.600000000000000000e+01 2.600000000000000000e+01
1.700000000000000000e+01 3.100000000000000000e+01
2.300000000000000000e+01 3.000000000000000000e+01
4.000000000000000000e+01 3.000000000000000000e+01
3.000000000000000000e+01 4.000000000000000000e+01
2.900000000000000000e+01 4.500000000000000000e+01
2.800000000000000000e+01 3.200000000000000000e+01
2.600000000000000000e+01 1.900000000000000000e+01
2.800000000000000000e+01 2.200000000000000000e+01
2.300000000000000000e+01 2.300000000000000000e+01
2.500000000000000000e+01 2.500000000000000000e+01
3.800000000000000000e+01 3.600000000000000000e+01
2.600000000000000000e+01 3.200000000000000000e+01
3.000000000000000000e+01 2.900000000000000000e+01
1.900000000000000000e+01 2.500000000000000000e+01
3.700000000000000000e+01 3.800000000000000000e+01
2.500000000000000000e+01 2.200000000000000000e+01
3.000000000000000000e+01 2.400000000000000000e+01
2.500000000000000000e+01 2.200000000000000000e+01
2.700000000000000000e+01 3.400000000000000000e+01
2.300000000000000000e+01 2.400000000000000000e+01
2.300000000000000000e+01 3.600000000000000000e+01
3.500000000000000000e+01 2.600000000000000000e+01
3.000000000000000000e+01 3.000000000000000000e+01
2.500000000000000000e+01 3.400000000000000000e+01
2.200000000000000000e+01 3.200000000000000000e+01
2.700000000000000000e+01 2.300000000000000000e+01
3.000000000000000000e+01 2.900000000000000000e+01
3.400000000000000000e+01 2.800000000000000000e+01
3.600000000000000000e+01 3.300000000000000000e+01
2.400000000000000000e+01 2.900000000000000000e+01
3.800000000000000000e+01 4.200000000000000000e+01
2.500000000000000000e+01 3.200000000000000000e+01
1.736230075909761439e+01 1.821911945790302667e+01
2.009071823430312165e+01 1.872116477211357122e+01
1.768870300663627759e+01 1.999288655344871657e+01
1.735962604226559236e+01 1.807122702124956604e+01
1.845333817344148741e+01 1.819585646134613199e+01
1.972913277652112285e+01 2.042643429005108402e+01
1.833682375251724750e+01 2.011486378214698334e+01
1.729393472129308051e+01 1.721754708787297616e+01
2.004595705694664431e+01 2.064136754398249707e+01
1.765648739480667828e+01 1.864483468769467933e+01
1.930066920193077706e+01 1.791478578984977332e+01
1.822161359605761533e+01 1.697384540377846562e+01
1.717504838541451306e+01 1.632375662766100533e+01
1.915920255754882007e+01 1.785824240733803236e+01
1.914165995473302573e+01 1.834305067421470525e+01
1.988684757170393524e+01 1.841366549526861718e+01
1.762025637420758173e+01 1.790772180430342786e+01
1.943404317872646203e+01 1.728028581330677227e+01
1.674100763565388661e+01 1.682456524093853290e+01
1.781880147669725289e+01 1.809239770175137707e+01
1.859546740005707477e+01 1.686345049824236142e+01
1.891683753963717152e+01 1.757325635635593386e+01
1.619147670495569002e+01 1.655271971612738824e+01
1.902069870804681173e+01 1.675819247515927302e+01
1.682074937760746280e+01 1.761796250442673184e+01
1.818991849287855089e+01 1.837090435847843395e+01
1.819441309215081759e+01 1.853739502801409600e+01
1.735351908701283463e+01 1.610188581682318443e+01
1.853846224524660258e+01 1.709764746909141664e+01
1.647824072063162504e+01 1.906886721687319408e+01
1.862171845046558261e+01 1.955794014790719260e+01
1.662737037012346519e+01 1.889822113444136420e+01
1.747422804506008376e+01 1.745906541357253872e+01
1.943128236341364357e+01 1.817248536294523475e+01
1.823551400355000851e+01 1.947574348981631331e+01
1.834115540982367065e+01 1.914070245219829403e+01
1.699549502607700902e+01 1.907593812677509959e+01
1.720174328371819783e+01 1.687851843828721599e+01
1.673534272393614941e+01 1.793579495842841354e+01
1.831732196978882499e+01 1.657594475899330178e+01
1.820585013208834368e+01 1.882329001194985096e+01
1.799901091876487058e+01 2.070782049282887982e+01
1.762704321166063437e+01 1.911309755240712960e+01
1.922574868252767644e+01 1.965762356825640467e+01
1.917300198952560919e+01 1.672114286911034498e+01
1.683001798304615448e+01 1.751567465709221239e+01
1.827549622744713886e+01 1.744362154554286448e+01
1.816371944853278819e+01 1.898709158646438055e+01
1.856839217168466760e+01 1.714952377136231476e+01
1.922253836408116001e+01 1.753105124158631867e+01
